19 20
17 17 17 17 17 17 17 17 17 31 17 17 17 17 17 17 17 17 17
17 17 17 17 17 17 17 17 17 31 17 17 17 17 17 17 17 17 17
17 17 17 17 17 17 17 17 17 31 17 17 17 17 17 17 17 17 17
17 17 17 17 17 17 17 17 17 31 17 17 17 17 17 17 17 17 17
17 17 17 17 17 17 17 17 17 31 17 17 17 17 17 17 17 17 17
17 17 17 17 17 17 17 17 17 17 17 17 17 17 17 17 17 17 17
17 17 17 17 17 17 17 17 17 31 17 17 17 17 17 17 17 17 17
17 17 17 17 17 17 17 17 17 31 17 17 17 17 17 17 17 17 17
17 17 17 17 17 17 17 17 17 31 17 17 17 17 17 17 17 17 17
17 17 17 17 17 17 17 17 17 31 17 17 17 17 17 17 17 17 17
17 17 17 17 17 17 17 17 17 31 17 17 17 17 17 17 17 17 17
17 17 17 17 17 17 17 17 17 31 17 17 17 17 17 17 17 17 17
17 17 17 17 17 17 17 17 17 31 17 17 17 17 17 17 17 17 17
17 17 17 17 17 17 17 17 17 31 17 17 17 17 17 17 17 17 17
17 17 17 17 17 17 17 17 17 31 17 17 17 17 17 17 17 17 17
17 17 17 17 17 17 17 17 17 31 17 17 17 17 17 17 17 17 17
17 17 17 17 17 17 17 17 17 31 17 17 17 17 17 17 17 17 17
17 17 17 17 17 17 17 17 17 31 17 17 17 17 17 17 17 17 17
17 17 17 17 17 17 17 17 17 31 17 17 17 17 17 17 17 17 17
17 17 17 17 17 17 17 17 17 31 17 17 17 17 17 17 17 17 17